k	LowerCILambda	UpperCILambda
2	0.332705	6.17459
3	0.746307	7.7781
4	1.24213	9.29101
5	1.79341	10.745
6	2.38524	12.1568
7	3.00833	13.5362
8	3.65648	14.89
9	4.32529	16.2227
10	5.0115	17.5376
11	5.71263	18.8375
12	6.42675	20.1242
13	7.1523	21.3993
14	7.88801	22.6642
15	8.63283	23.9199
16	9.38588	25.1673
17	10.1464	26.4072
18	10.9138	27.6402
19	11.6874	28.8668
20	12.4669	30.0877
21	13.2517	31.3031
22	14.0416	32.5135
23	14.8361	33.7191
24	15.635	34.9205
25	16.438	36.1176
26	17.2449	37.3109
27	18.0554	38.5006
28	18.8693	39.6868
29	19.6865	40.8697
30	20.5069	42.0495
31	21.3301	43.2264
32	22.1562	44.4004
33	22.9849	45.5718
34	23.8162	46.7406
35	24.65	47.9069
36	25.4861	49.0709
37	26.3244	50.2327
38	27.1649	51.3922
39	28.0075	52.5497
40	28.852	53.7053
41	29.6985	54.8588
42	30.5468	56.0106
43	31.3969	57.1605
44	32.2488	58.3088
45	33.1023	59.4553
46	33.9574	60.6003
47	34.814	61.7436
48	35.6722	62.8855
49	36.5319	64.0259
50	37.3929	65.1649
51	38.2554	66.3025
52	39.1191	67.4388
53	39.9842	68.5737
54	40.8505	69.7075
55	41.7181	70.8399
56	42.5868	71.9712
57	43.4567	73.1013
58	44.3278	74.2303
59	45.1999	75.3582
60	46.0732	76.485
61	46.9474	77.6108
62	47.8227	78.7355
63	48.699	79.8593
64	49.5763	80.982
65	50.4545	82.1038
66	51.3336	83.2247
67	52.2137	84.3447
68	53.0946	85.4638
69	53.9764	86.582
70	54.8591	87.6993
71	55.7426	88.8159
72	56.6269	89.9316
73	57.512	91.0465
74	58.3979	92.1606
75	59.2846	93.274
76	60.172	94.3866
77	61.0601	95.4985
78	61.949	96.6096
79	62.8385	97.7201
80	63.7288	98.8298
81	64.6198	99.9389
82	65.5114	101.047
83	66.4037	102.155
84	67.2966	103.262
85	68.1901	104.369
86	69.0843	105.474
87	69.9791	106.58
88	70.8745	107.684
89	71.7705	108.788
90	72.667	109.892
91	73.5642	110.995
92	74.4619	112.097
93	75.3601	113.199
94	76.2589	114.3
95	77.1582	115.401
96	78.0581	116.501
97	78.9585	117.6
98	79.8594	118.7
99	80.7607	119.798
100	81.6626	120.896
101	82.565	121.994
102	83.4679	123.091
103	84.3712	124.188
104	85.275	125.284
105	86.1792	126.38
106	87.0839	127.475
107	87.9891	128.57
108	88.8947	129.664
109	89.8007	130.758
110	90.7072	131.852
111	91.6141	132.945
112	92.5214	134.038
113	93.4291	135.13
114	94.3372	136.222
115	95.2457	137.313
116	96.1547	138.404
117	97.064	139.495
118	97.9737	140.585
119	98.8838	141.675
120	99.7942	142.765
121	100.705	143.854
122	101.616	144.943
123	102.528	146.031
124	103.44	147.119
125	104.352	148.207
126	105.265	149.295
127	106.178	150.382
128	107.091	151.468
129	108.004	152.555
130	108.918	153.641
131	109.833	154.726
132	110.747	155.812
133	111.662	156.897
134	112.578	157.982
135	113.493	159.066
136	114.409	160.15
137	115.325	161.234
138	116.242	162.317
139	117.159	163.401
140	118.076	164.483
141	118.993	165.566
142	119.911	166.648
143	120.829	167.73
144	121.747	168.812
145	122.666	169.894
146	123.584	170.975
147	124.504	172.056
148	125.423	173.136
149	126.343	174.217
150	127.263	175.297
151	128.183	176.377
152	129.103	177.456
153	130.024	178.535
154	130.945	179.614
155	131.866	180.693
156	132.788	181.772
157	133.709	182.85
158	134.631	183.928
159	135.554	185.006
160	136.476	186.083
161	137.399	187.161
162	138.322	188.238
163	139.245	189.314
164	140.168	190.391
165	141.092	191.467
166	142.016	192.543
167	142.94	193.619
168	143.864	194.695
169	144.789	195.77
170	145.714	196.846
171	146.639	197.921
172	147.564	198.995
173	148.489	200.07
174	149.415	201.144
175	150.341	202.218
176	151.267	203.292
177	152.193	204.366
178	153.12	205.44
179	154.047	206.513
180	154.973	207.586
181	155.901	208.659
182	156.828	209.732
183	157.755	210.804
184	158.683	211.876
185	159.611	212.948
186	160.539	214.02
187	161.467	215.092
188	162.396	216.164
189	163.325	217.235
190	164.253	218.306
191	165.182	219.377
192	166.112	220.448
193	167.041	221.518
194	167.971	222.589
195	168.901	223.659
196	169.831	224.729
197	170.761	225.799
198	171.691	226.868
199	172.621	227.938
200	173.552	229.007
201	174.483	230.076
202	175.414	231.145
203	176.345	232.214
204	177.277	233.283
205	178.208	234.351
206	179.14	235.42
207	180.072	236.488
208	181.004	237.556
209	181.936	238.624
210	182.868	239.691
211	183.801	240.759
212	184.733	241.826
213	185.666	242.893
214	186.599	243.96
215	187.532	245.027
216	188.466	246.094
217	189.399	247.161
218	190.333	248.227
219	191.266	249.293
220	192.2	250.359
221	193.134	251.425
222	194.068	252.491
223	195.003	253.557
224	195.937	254.622
225	196.872	255.688
226	197.807	256.753
227	198.742	257.818
228	199.677	258.883
229	200.612	259.948
230	201.547	261.012
231	202.483	262.077
232	203.418	263.141
233	204.354	264.205
234	205.29	265.269
235	206.226	266.333
236	207.162	267.397
237	208.099	268.461
238	209.035	269.524
239	209.972	270.588
240	210.908	271.651
241	211.845	272.714
242	212.782	273.777
243	213.719	274.84
244	214.657	275.903
245	215.594	276.966
246	216.531	278.028
247	217.469	279.09
248	218.407	280.153
249	219.345	281.215
250	220.283	282.277
251	221.221	283.339
252	222.159	284.401
253	223.097	285.462
254	224.036	286.524
255	224.975	287.585
256	225.913	288.646
257	226.852	289.707
258	227.791	290.769
259	228.73	291.829
260	229.669	292.89
261	230.609	293.951
262	231.548	295.011
263	232.488	296.072
264	233.427	297.132
265	234.367	298.192
266	235.307	299.253
267	236.247	300.313
268	237.187	301.372
269	238.127	302.432
270	239.068	303.492
271	240.008	304.551
272	240.949	305.611
273	241.889	306.67
274	242.83	307.729
275	243.771	308.789
276	244.712	309.848
277	245.653	310.906
278	246.594	311.965
279	247.536	313.024
280	248.477	314.083
281	249.419	315.141
282	250.36	316.199
283	251.302	317.258
284	252.244	318.316
285	253.186	319.374
286	254.128	320.432
287	255.07	321.49
288	256.012	322.548
289	256.954	323.605
290	257.897	324.663
291	258.839	325.72
292	259.782	326.778
293	260.725	327.835
294	261.668	328.892
295	262.611	329.949
296	263.554	331.006
297	264.497	332.063
298	265.44	333.12
299	266.383	334.176
300	267.327	335.233
301	268.27	336.29
302	269.214	337.346
303	270.157	338.402
304	271.101	339.458
305	272.045	340.515
306	272.989	341.571
307	273.933	342.627
308	274.877	343.682
309	275.821	344.738
310	276.766	345.794
311	277.71	346.849
312	278.655	347.905
313	279.599	348.96
314	280.544	350.016
315	281.489	351.071
316	282.434	352.126
317	283.379	353.181
318	284.324	354.236
319	285.269	355.291
320	286.214	356.346
321	287.159	357.4
322	288.105	358.455
323	289.05	359.51
324	289.996	360.564
325	290.941	361.618
326	291.887	362.673
327	292.833	363.727
328	293.779	364.781
329	294.725	365.835
330	295.671	366.889
331	296.617	367.943
332	297.563	368.997
333	298.509	370.05
334	299.456	371.104
335	300.402	372.158
336	301.349	373.211
337	302.295	374.265
338	303.242	375.318
339	304.189	376.371
340	305.135	377.424
341	306.082	378.477
342	307.029	379.53
343	307.976	380.583
344	308.924	381.636
345	309.871	382.689
346	310.818	383.742
347	311.765	384.794
348	312.713	385.847
349	313.66	386.899
350	314.608	387.952
351	315.556	389.004
352	316.504	390.056
353	317.451	391.108
354	318.399	392.16
355	319.347	393.212
356	320.295	394.264
357	321.243	395.316
358	322.192	396.368
359	323.14	397.42
360	324.088	398.472
361	325.037	399.523
362	325.985	400.575
363	326.934	401.626
364	327.882	402.677
365	328.831	403.729
366	329.78	404.78
367	330.729	405.831
368	331.677	406.882
369	332.626	407.933
370	333.575	408.984
371	334.525	410.035
372	335.474	411.086
373	336.423	412.137
374	337.372	413.187
375	338.322	414.238
376	339.271	415.289
377	340.221	416.339
378	341.17	417.389
379	342.12	418.44
380	343.07	419.49
381	344.019	420.54
382	344.969	421.59
383	345.919	422.641
384	346.869	423.691
385	347.819	424.74
386	348.769	425.79
387	349.72	426.84
388	350.67	427.89
389	351.62	428.94
390	352.57	429.989
391	353.521	431.039
392	354.471	432.088
393	355.422	433.138
394	356.373	434.187
395	357.323	435.236
396	358.274	436.286
397	359.225	437.335
398	360.176	438.384
399	361.127	439.433
400	362.078	440.482
401	363.029	441.531
402	363.98	442.58
403	364.931	443.629
404	365.882	444.678
405	366.833	445.726
406	367.785	446.775
407	368.736	447.824
408	369.688	448.872
409	370.639	449.92
410	371.591	450.969
411	372.542	452.017
412	373.494	453.066
413	374.446	454.114
414	375.398	455.162
415	376.35	456.21
416	377.302	457.258
417	378.254	458.306
418	379.206	459.354
419	380.158	460.402
420	381.11	461.45
421	382.062	462.498
422	383.015	463.545
423	383.967	464.593
424	384.919	465.64
425	385.872	466.688
426	386.824	467.736
427	387.777	468.783
428	388.729	469.83
429	389.682	470.878
430	390.635	471.925
431	391.588	472.972
432	392.54	474.019
433	393.493	475.066
434	394.446	476.113
435	395.399	477.16
436	396.352	478.207
437	397.306	479.254
438	398.259	480.301
439	399.212	481.348
440	400.165	482.395
441	401.118	483.441
442	402.072	484.488
443	403.025	485.534
444	403.979	486.581
445	404.932	487.627
446	405.886	488.674
447	406.84	489.72
448	407.793	490.766
449	408.747	491.813
450	409.701	492.859
451	410.655	493.905
452	411.609	494.951
453	412.563	495.997
454	413.517	497.043
455	414.471	498.089
456	415.425	499.135
457	416.379	500.181
458	417.333	501.227
459	418.287	502.272
460	419.242	503.318
461	420.196	504.364
462	421.15	505.409
463	422.105	506.455
464	423.059	507.5
465	424.014	508.546
466	424.968	509.591
467	425.923	510.637
468	426.878	511.682
469	427.833	512.727
470	428.787	513.772
471	429.742	514.818
472	430.697	515.863
473	431.652	516.908
474	432.607	517.953
475	433.562	518.998
476	434.517	520.043
477	435.472	521.088
478	436.427	522.132
479	437.383	523.177
480	438.338	524.222
481	439.293	525.267
482	440.249	526.311
483	441.204	527.356
484	442.159	528.4
485	443.115	529.445
486	444.07	530.489
487	445.026	531.534
488	445.982	532.578
489	446.937	533.622
490	447.893	534.667
491	448.849	535.711
492	449.805	536.755
493	450.76	537.799
494	451.716	538.843
495	452.672	539.887
496	453.628	540.931
497	454.584	541.975
498	455.54	543.019
499	456.497	544.063
500	457.453	545.107
501	458.409	546.151
502	459.365	547.195
503	460.322	548.238
504	461.278	549.282
505	462.234	550.326
506	463.191	551.369
507	464.147	552.413
508	465.104	553.456
509	466.06	554.5
510	467.017	555.543
511	467.973	556.586
512	468.93	557.63
513	469.887	558.673
514	470.844	559.716
515	471.8	560.759
516	472.757	561.802
517	473.714	562.846
518	474.671	563.889
519	475.628	564.932
520	476.585	565.975
521	477.542	567.018
522	478.499	568.06
523	479.456	569.103
524	480.414	570.146
525	481.371	571.189
526	482.328	572.232
527	483.285	573.274
528	484.243	574.317
529	485.2	575.36
530	486.158	576.402
531	487.115	577.445
532	488.073	578.487
533	489.03	579.53
534	489.988	580.572
535	490.945	581.614
536	491.903	582.657
537	492.861	583.699
538	493.818	584.741
539	494.776	585.784
540	495.734	586.826
541	496.692	587.868
542	497.65	588.91
543	498.608	589.952
544	499.566	590.994
545	500.524	592.036
546	501.482	593.078
547	502.44	594.12
548	503.398	595.162
549	504.356	596.204
550	505.314	597.245
551	506.273	598.287
552	507.231	599.329
553	508.189	600.37
554	509.148	601.412
555	510.106	602.454
556	511.065	603.495
557	512.023	604.537
558	512.982	605.578
559	513.94	606.62
560	514.899	607.661
561	515.857	608.703
562	516.816	609.744
563	517.775	610.785
564	518.733	611.826
565	519.692	612.868
566	520.651	613.909
567	521.61	614.95
568	522.569	615.991
569	523.528	617.032
570	524.487	618.073
571	525.446	619.114
572	526.405	620.155
573	527.364	621.196
574	528.323	622.237
575	529.282	623.278
576	530.241	624.319
577	531.2	625.36
578	532.159	626.4
579	533.119	627.441
580	534.078	628.482
581	535.037	629.522
582	535.997	630.563
583	536.956	631.604
584	537.916	632.644
585	538.875	633.685
586	539.835	634.725
587	540.794	635.766
588	541.754	636.806
589	542.713	637.846
590	543.673	638.887
591	544.633	639.927
592	545.592	640.967
593	546.552	642.008
594	547.512	643.048
595	548.472	644.088
596	549.432	645.128
597	550.392	646.168
598	551.351	647.208
599	552.311	648.248
600	553.271	649.288
601	554.231	650.328
602	555.191	651.368
603	556.152	652.408
604	557.112	653.448
605	558.072	654.488
606	559.032	655.528
607	559.992	656.568
608	560.952	657.607
609	561.913	658.647
610	562.873	659.687
611	563.833	660.726
612	564.794	661.766
613	565.754	662.806
614	566.715	663.845
615	567.675	664.885
616	568.636	665.924
617	569.596	666.964
618	570.557	668.003
619	571.517	669.042
620	572.478	670.082
621	573.439	671.121
622	574.399	672.16
623	575.36	673.2
624	576.321	674.239
625	577.282	675.278
626	578.243	676.317
627	579.203	677.356
628	580.164	678.395
629	581.125	679.435
630	582.086	680.474
631	583.047	681.513
632	584.008	682.552
633	584.969	683.591
634	585.93	684.629
635	586.891	685.668
636	587.853	686.707
637	588.814	687.746
638	589.775	688.785
639	590.736	689.824
640	591.697	690.862
641	592.659	691.901
642	593.62	692.94
643	594.581	693.978
644	595.543	695.017
645	596.504	696.056
646	597.466	697.094
647	598.427	698.133
648	599.389	699.171
649	600.35	700.21
650	601.312	701.248
651	602.273	702.287
652	603.235	703.325
653	604.197	704.363
654	605.158	705.402
655	606.12	706.44
656	607.082	707.478
657	608.043	708.516
658	609.005	709.555
659	609.967	710.593
660	610.929	711.631
661	611.891	712.669
662	612.853	713.707
663	613.815	714.745
664	614.777	715.783
665	615.739	716.821
666	616.701	717.859
667	617.663	718.897
668	618.625	719.935
669	619.587	720.973
670	620.549	722.011
671	621.511	723.049
672	622.473	724.086
673	623.436	725.124
674	624.398	726.162
675	625.36	727.2
676	626.322	728.237
677	627.285	729.275
678	628.247	730.313
679	629.21	731.35
680	630.172	732.388
681	631.134	733.425
682	632.097	734.463
683	633.059	735.5
684	634.022	736.538
685	634.985	737.575
686	635.947	738.613
687	636.91	739.65
688	637.872	740.688
689	638.835	741.725
690	639.798	742.762
691	640.76	743.799
692	641.723	744.837
693	642.686	745.874
694	643.649	746.911
695	644.612	747.948
696	645.574	748.985
697	646.537	750.023
698	647.5	751.06
699	648.463	752.097
700	649.426	753.134
701	650.389	754.171
702	651.352	755.208
703	652.315	756.245
704	653.278	757.282
705	654.241	758.319
706	655.204	759.355
707	656.168	760.392
708	657.131	761.429
709	658.094	762.466
710	659.057	763.503
711	660.02	764.539
712	660.984	765.576
713	661.947	766.613
714	662.91	767.65
715	663.874	768.686
716	664.837	769.723
717	665.8	770.759
718	666.764	771.796
719	667.727	772.833
720	668.691	773.869
721	669.654	774.906
722	670.618	775.942
723	671.581	776.978
724	672.545	778.015
725	673.509	779.051
726	674.472	780.088
727	675.436	781.124
728	676.4	782.16
729	677.363	783.197
730	678.327	784.233
731	679.291	785.269
732	680.254	786.305
733	681.218	787.342
734	682.182	788.378
735	683.146	789.414
736	684.11	790.45
737	685.074	791.486
738	686.038	792.522
739	687.002	793.558
740	687.966	794.594
741	688.93	795.63
742	689.894	796.666
743	690.858	797.702
744	691.822	798.738
745	692.786	799.774
746	693.75	800.81
747	694.714	801.846
748	695.678	802.882
749	696.642	803.917
750	697.607	804.953
751	698.571	805.989
752	699.535	807.025
753	700.499	808.06
754	701.464	809.096
755	702.428	810.132
756	703.392	811.167
757	704.357	812.203
758	705.321	813.239
759	706.286	814.274
760	707.25	815.31
761	708.215	816.345
762	709.179	817.381
763	710.144	818.416
764	711.108	819.452
765	712.073	820.487
766	713.037	821.523
767	714.002	822.558
768	714.967	823.593
769	715.931	824.629
770	716.896	825.664
771	717.861	826.699
772	718.825	827.734
773	719.79	828.77
774	720.755	829.805
775	721.72	830.84
776	722.685	831.875
777	723.649	832.911
778	724.614	833.946
779	725.579	834.981
780	726.544	836.016
781	727.509	837.051
782	728.474	838.086
783	729.439	839.121
784	730.404	840.156
785	731.369	841.191
786	732.334	842.226
787	733.299	843.261
788	734.264	844.296
789	735.229	845.331
790	736.194	846.365
791	737.16	847.4
792	738.125	848.435
793	739.09	849.47
794	740.055	850.505
795	741.02	851.539
796	741.986	852.574
797	742.951	853.609
798	743.916	854.644
799	744.882	855.678
800	745.847	856.713
801	746.812	857.748
802	747.778	858.782
803	748.743	859.817
804	749.709	860.851
805	750.674	861.886
806	751.639	862.92
807	752.605	863.955
808	753.571	864.989
809	754.536	866.024
810	755.502	867.058
811	756.467	868.093
812	757.433	869.127
813	758.398	870.161
814	759.364	871.196
815	760.33	872.23
816	761.295	873.264
817	762.261	874.299
818	763.227	875.333
819	764.193	876.367
820	765.158	877.401
821	766.124	878.436
822	767.09	879.47
823	768.056	880.504
824	769.022	881.538
825	769.988	882.572
826	770.954	883.606
827	771.919	884.64
828	772.885	885.674
829	773.851	886.708
830	774.817	887.742
831	775.783	888.776
832	776.749	889.81
833	777.715	890.844
834	778.682	891.878
835	779.648	892.912
836	780.614	893.946
837	781.58	894.98
838	782.546	896.014
839	783.512	897.048
840	784.478	898.082
841	785.445	899.115
842	786.411	900.149
843	787.377	901.183
844	788.343	902.217
845	789.31	903.25
846	790.276	904.284
847	791.242	905.318
848	792.209	906.351
849	793.175	907.385
850	794.141	908.419
851	795.108	909.452
852	796.074	910.486
853	797.041	911.519
854	798.007	912.553
855	798.974	913.586
856	799.94	914.62
857	800.907	915.653
858	801.873	916.687
859	802.84	917.72
860	803.806	918.754
861	804.773	919.787
862	805.74	920.82
863	806.706	921.854
864	807.673	922.887
865	808.64	923.92
866	809.606	924.954
867	810.573	925.987
868	811.54	927.02
869	812.506	928.053
870	813.473	929.087
871	814.44	930.12
872	815.407	931.153
873	816.374	932.186
874	817.34	933.219
875	818.307	934.253
876	819.274	935.286
877	820.241	936.319
878	821.208	937.352
879	822.175	938.385
880	823.142	939.418
881	824.109	940.451
882	825.076	941.484
883	826.043	942.517
884	827.01	943.55
885	827.977	944.583
886	828.944	945.616
887	829.911	946.649
888	830.878	947.681
889	831.846	948.714
890	832.813	949.747
891	833.78	950.78
892	834.747	951.813
893	835.714	952.846
894	836.681	953.878
895	837.649	954.911
896	838.616	955.944
897	839.583	956.977
898	840.551	958.009
899	841.518	959.042
900	842.485	960.075
901	843.453	961.107
902	844.42	962.14
903	845.387	963.173
904	846.355	964.205
905	847.322	965.238
906	848.29	966.27
907	849.257	967.303
908	850.225	968.335
909	851.192	969.368
910	852.16	970.4
911	853.127	971.433
912	854.095	972.465
913	855.062	973.498
914	856.03	974.53
915	856.997	975.562
916	857.965	976.595
917	858.933	977.627
918	859.9	978.66
919	860.868	979.692
920	861.836	980.724
921	862.803	981.756
922	863.771	982.789
923	864.739	983.821
924	865.707	984.853
925	866.674	985.885
926	867.642	986.918
927	868.61	987.95
928	869.578	988.982
929	870.546	990.014
930	871.514	991.046
931	872.481	992.078
932	873.449	993.111
933	874.417	994.143
934	875.385	995.175
935	876.353	996.207
936	877.321	997.239
937	878.289	998.271
938	879.257	999.303
939	880.225	1000.33
940	881.193	1001.37
941	882.161	1002.4
942	883.129	1003.43
943	884.097	1004.46
944	885.065	1005.49
945	886.034	1006.53
946	887.002	1007.56
947	887.97	1008.59
948	888.938	1009.62
949	889.906	1010.65
950	890.874	1011.69
951	891.843	1012.72
952	892.811	1013.75
953	893.779	1014.78
954	894.747	1015.81
955	895.716	1016.84
956	896.684	1017.88
957	897.652	1018.91
958	898.621	1019.94
959	899.589	1020.97
960	900.557	1022.
961	901.526	1023.03
962	902.494	1024.07
963	903.463	1025.1
964	904.431	1026.13
965	905.4	1027.16
966	906.368	1028.19
967	907.337	1029.22
968	908.305	1030.25
969	909.274	1031.29
970	910.242	1032.32
971	911.211	1033.35
972	912.179	1034.38
973	913.148	1035.41
974	914.116	1036.44
975	915.085	1037.47
976	916.054	1038.51
977	917.022	1039.54
978	917.991	1040.57
979	918.96	1041.6
980	919.928	1042.63
981	920.897	1043.66
982	921.866	1044.69
983	922.835	1045.73
984	923.803	1046.76
985	924.772	1047.79
986	925.741	1048.82
987	926.71	1049.85
988	927.678	1050.88
989	928.647	1051.91
990	929.616	1052.94
991	930.585	1053.97
992	931.554	1055.01
993	932.523	1056.04
994	933.492	1057.07
995	934.461	1058.1
996	935.43	1059.13
997	936.399	1060.16
998	937.368	1061.19
999	938.337	1062.22
1000	939.306	1063.25
