Position	Gamma_Cancer	Lower_CI_Gamma_c	Upper_CI_Gamma_c	MutationStatus
1	2.10191	-0.368353	5.17524	0
2	2.10191	-0.368353	5.17524	0
3	2.12216	-0.368353	5.23838	0
4	2.12216	-0.368353	5.23838	0
5	2.14334	-0.368353	5.23838	0
6	2.14334	-0.368353	5.23838	0
7	2.16547	-0.368353	5.30307	0
8	2.16547	-0.368353	5.30307	0
9	2.18853	-0.368353	5.30307	0
10	2.18853	-0.368353	5.30307	0
11	2.21258	-0.368353	5.36937	0
12	2.21258	-0.368353	5.36937	0
13	2.23756	-0.368353	5.43735	0
14	2.23756	-0.368353	5.43735	0
15	2.26356	-0.368353	5.44501	0
16	2.26356	-0.368353	5.44501	0
17	2.29056	-0.368353	5.50708	0
18	2.29056	-0.368353	5.50708	0
19	2.3185	-0.368353	5.57861	0
20	2.3185	-0.368353	5.57861	0
21	2.34737	-0.368353	5.60287	0
22	2.34737	-0.368353	5.60287	0
23	2.37715	-0.368353	5.67335	0
24	2.37715	-0.368353	5.67335	0
25	2.4078	-0.368353	5.72739	0
26	2.4078	-0.368353	5.72739	0
27	2.43931	-0.368353	5.78247	0
28	2.43931	-0.368353	5.78247	0
29	2.47167	-0.368353	5.85758	0
30	2.47167	-0.368353	5.85758	0
31	2.50485	-0.368353	5.89586	0
32	2.50485	-0.368353	5.89586	0
33	2.53888	-0.368353	5.96606	0
34	2.53888	-0.368353	5.96606	0
35	2.57371	-0.368353	6.04064	0
36	2.57371	-0.368353	6.04064	0
37	2.60935	-0.368353	6.13653	0
38	2.60935	-0.368353	6.13653	0
39	2.64578	-0.361298	6.22547	0
40	2.64578	-0.361298	6.22547	0
41	2.68303	-0.361298	6.23551	0
42	2.68303	-0.361298	6.23551	0
43	2.72108	-0.354173	6.33774	0
44	2.72108	-0.354173	6.33774	0
45	2.75991	-0.354173	6.44337	0
46	2.75991	-0.354173	6.44337	0
47	2.79952	-0.346975	6.53675	0
48	2.79952	-0.346975	6.53675	0
49	2.83991	-0.339703	6.60859	0
50	2.83991	-0.339703	6.60859	0
51	2.88112	-0.332357	6.71185	0
52	2.88112	-0.332357	6.71185	0
53	2.92312	-0.324934	6.7825	0
54	2.92312	-0.324934	6.7825	0
55	2.96591	-0.317433	6.90362	0
56	2.96591	-0.317433	6.90362	0
57	3.00949	-0.30219	7.02914	0
58	3.00949	-0.30219	7.02914	0
59	3.0539	-0.278699	7.15931	0
60	3.0539	-0.278699	7.15931	0
61	3.09907	-0.2626	7.43467	0
62	3.09907	-0.2626	7.43467	0
63	3.14511	-0.22928	7.58045	0
64	3.14511	-0.22928	7.58045	0
65	3.1919	-0.18535	7.73206	0
66	3.1919	-0.18535	7.73206	0
67	3.23944	-0.128879	7.88986	0
68	3.23944	-0.128879	7.88986	0
69	3.28766	-0.0461337	8.05423	-1
70	3.28766	-0.0461337	8.05423	-1
71	3.33632	0.0982199	8.35254	0
72	3.33632	0.0982199	8.35254	0
73	3.38547	0.204681	8.59118	0
74	3.38547	0.204681	8.59118	0
75	3.43476	0.355228	8.78644	0
76	3.43476	0.355228	8.78644	0
77	3.48382	0.576237	9.04335	0
78	3.48382	0.576237	9.04335	0
79	3.53162	0.903139	9.3966	0
80	3.53162	0.903139	9.3966	0
81	3.57881	1.0056	9.66508	1
82	3.57881	1.0056	9.66508	1
83	3.62045	1.09886	9.9129	0
84	3.62045	1.09886	9.9129	0
85	3.66292	1.21461	10.1738	0
86	3.66292	1.21461	10.1738	0
87	5.70923	1.67645	16.6365	2
88	5.70923	1.67645	16.6365	2
89	3.71767	1.40398	10.4487	0
90	3.71767	1.40398	10.4487	0
91	3.73032	1.47065	10.4487	0
92	3.73032	1.47065	10.4487	0
93	3.74422	1.53063	10.739	0
94	3.74422	1.53063	10.739	0
95	3.75938	1.6368	10.739	0
96	3.75938	1.6368	10.739	0
97	3.77545	1.75751	10.739	0
98	3.77545	1.75751	10.739	0
99	3.79233	1.8438	10.739	0
100	3.79233	1.8438	10.739	0
101	3.81028	1.93715	11.0458	0
102	3.81028	1.93715	11.0458	0
103	3.82949	2.0087	11.3707	1
104	3.82949	2.0087	11.3707	1
105	3.83377	2.0087	11.3707	-2
106	3.83377	2.0087	11.3707	-2
107	3.83977	2.02354	11.5651	1
108	3.83977	2.02354	11.5651	1
109	3.83191	1.99586	11.4549	-2
110	3.83191	1.99586	11.4549	-2
111	5.82798	2.2985	17.6387	2
112	5.82798	2.2985	17.6387	2
113	3.79366	1.83318	11.3042	0
114	3.79366	1.83318	11.3042	0
115	3.76224	1.67466	11.0458	0
116	3.76224	1.67466	11.0458	0
117	5.73348	1.81112	16.9256	2
118	5.73348	1.81112	16.9256	2
119	3.69377	1.33213	10.4487	0
120	3.69377	1.33213	10.4487	0
121	3.65681	1.02553	10.1738	0
122	3.65681	1.02553	10.1738	0
123	3.61939	0.90608	9.9129	0
124	3.61939	0.90608	9.9129	0
125	3.58226	0.827202	9.54576	0
126	3.58226	0.827202	9.54576	0
127	3.54535	0.735168	9.42935	0
128	3.54535	0.735168	9.42935	0
129	3.50866	0.643231	9.04335	0
130	3.50866	0.643231	9.04335	0
131	3.47221	0.564251	8.81147	0
132	3.47221	0.564251	8.81147	0
133	3.43571	0.139054	8.59118	0
134	3.43571	0.139054	8.59118	0
135	3.3977	-0.246132	8.40442	0
136	3.3977	-0.246132	8.40442	0
137	3.35972	-0.270694	8.2256	0
138	3.35972	-0.270694	8.2256	0
139	3.32214	-0.294445	8.05423	0
140	3.32214	-0.294445	8.05423	0
141	3.28497	-0.309852	7.81016	0
142	3.28497	-0.309852	7.81016	0
143	3.2482	-0.324934	7.6707	0
144	3.2482	-0.324934	7.6707	0
145	3.21185	-0.339703	7.47059	0
146	3.21185	-0.339703	7.47059	0
147	3.1759	-0.346975	7.36387	0
148	3.1759	-0.346975	7.36387	0
149	3.14036	-0.354173	7.15931	0
150	3.14036	-0.354173	7.15931	0
151	3.10515	-0.361298	7.02914	0
152	3.10515	-0.361298	7.02914	0
153	3.07035	-0.368353	6.90362	0
154	3.07035	-0.368353	6.90362	0
155	3.03593	-0.368353	6.7825	0
156	3.03593	-0.368353	6.7825	0
157	3.00186	-0.375338	6.66556	0
158	3.00186	-0.375338	6.66556	0
159	2.96817	-0.375338	6.55258	0
160	2.96817	-0.375338	6.55258	0
161	2.93486	-0.375338	6.44337	0
162	2.93486	-0.375338	6.44337	0
163	2.90192	-0.382255	6.28621	0
164	2.90192	-0.382255	6.28621	0
165	2.86936	-0.382255	6.13653	0
166	2.86936	-0.382255	6.13653	0
167	2.83719	-0.382255	6.04064	0
168	2.83719	-0.382255	6.04064	0
169	2.80542	-0.382255	5.96606	0
170	2.80542	-0.382255	5.96606	0
171	2.77405	-0.382255	5.85758	0
172	2.77405	-0.382255	5.85758	0
173	2.74306	-0.382255	5.77014	0
174	2.74306	-0.382255	5.77014	0
175	2.71248	-0.382255	5.68528	0
176	2.71248	-0.382255	5.68528	0
177	2.68231	-0.382255	5.60287	0
178	2.68231	-0.382255	5.60287	0
179	2.65254	-0.382255	5.52281	0
180	2.65254	-0.382255	5.52281	0
181	2.62319	-0.382255	5.44501	0
182	2.62319	-0.382255	5.44501	0
183	2.59428	-0.382255	5.36937	0
184	2.59428	-0.382255	5.36937	0
185	2.56577	-0.382255	5.28675	0
186	2.56577	-0.382255	5.28675	0
187	2.53771	-0.382255	5.20662	0
188	2.53771	-0.382255	5.20662	0
189	2.5101	-0.382255	5.12888	0
190	2.5101	-0.382255	5.12888	0
191	2.48295	-0.382255	5.05343	0
192	2.48295	-0.382255	5.05343	0
193	2.45627	-0.382255	4.95621	0
194	2.45627	-0.382255	4.95621	0
195	2.43004	-0.382255	4.89344	0
196	2.43004	-0.382255	4.89344	0
197	2.4043	-0.389105	4.83223	0
198	2.4043	-0.389105	4.83223	0
199	2.37905	-0.389105	4.77254	0
200	2.37905	-0.389105	4.77254	0
201	2.35428	-0.389105	4.71429	0
202	2.35428	-0.389105	4.71429	0
203	2.33002	-0.389105	4.65745	0
204	2.33002	-0.389105	4.65745	0
205	2.30628	-0.389105	4.60196	0
206	2.30628	-0.389105	4.60196	0
207	2.28305	-0.389105	4.54776	0
208	2.28305	-0.389105	4.54776	0
209	2.26035	-0.389105	4.49482	0
210	2.26035	-0.389105	4.49482	0
211	2.23818	-0.389105	4.4431	0
212	2.23818	-0.389105	4.4431	0
213	2.21656	-0.389105	4.39255	0
214	2.21656	-0.389105	4.39255	0
215	2.19549	-0.389105	4.34312	0
216	2.19549	-0.389105	4.34312	0
217	2.17498	-0.389105	4.29479	0
218	2.17498	-0.389105	4.29479	0
219	2.15503	-0.389105	4.24752	0
220	2.15503	-0.389105	4.24752	0
221	2.13566	-0.389105	4.20127	0
222	2.13566	-0.389105	4.20127	0
223	2.11687	-0.389105	4.156	0
224	2.11687	-0.389105	4.156	0
225	2.09866	-0.389105	4.1117	0
226	2.09866	-0.389105	4.1117	0
227	2.08105	-0.389105	4.06832	0
228	2.08105	-0.389105	4.06832	0
229	2.06405	-0.389105	4.02583	0
230	2.06405	-0.389105	4.02583	0
231	2.04764	-0.389105	3.96373	0
232	2.04764	-0.389105	3.96373	0
233	2.03185	-0.389105	3.90349	0
234	2.03185	-0.389105	3.90349	0
235	2.01668	-0.389105	3.86433	0
236	2.01668	-0.389105	3.86433	0
237	2.00213	-0.389105	3.82594	0
238	2.00213	-0.389105	3.82594	0
239	1.98821	-0.389105	3.81645	0
240	1.98821	-0.389105	3.81645	0
241	1.97489	-0.389105	3.78829	0
242	1.97489	-0.389105	3.78829	0
243	1.96217	-0.389105	3.75136	0
244	1.96217	-0.389105	3.75136	0
245	1.95002	-0.389105	3.73316	0
246	1.95002	-0.389105	3.73316	0
247	1.93845	-0.389105	3.71513	0
248	1.93845	-0.389105	3.71513	0
249	1.92743	-0.389105	3.70084	0
250	1.92743	-0.389105	3.70084	0
251	1.91698	-0.389105	3.67959	0
252	1.91698	-0.389105	3.67959	0
253	1.90707	-0.389105	3.66906	0
254	1.90707	-0.389105	3.66906	0
255	1.89771	-0.389105	3.66906	0
256	1.89771	-0.389105	3.66906	0
257	1.8889	-0.389105	3.65337	0
258	1.8889	-0.389105	3.65337	0
259	1.88064	-0.389105	3.64471	0
260	1.88064	-0.389105	3.64471	0
261	1.87292	-0.389105	3.64471	0
262	1.87292	-0.389105	3.64471	0
263	1.86575	-0.389105	3.64471	0
264	1.86575	-0.389105	3.64471	0
265	1.85912	-0.382255	3.64471	0
266	1.85912	-0.382255	3.64471	0
267	1.85303	-0.382255	3.64471	0
268	1.85303	-0.382255	3.64471	0
269	1.84749	-0.382255	3.65337	0
270	1.84749	-0.382255	3.65337	0
271	1.8425	-0.382255	3.66906	0
272	1.8425	-0.382255	3.66906	0
273	1.83806	-0.382255	3.66906	0
274	1.83806	-0.382255	3.66906	0
275	1.83419	-0.382255	3.70084	0
276	1.83419	-0.382255	3.70084	0
277	1.83089	-0.382255	3.70084	0
278	1.83089	-0.382255	3.70084	0
279	1.82818	-0.382255	3.73316	0
280	1.82818	-0.382255	3.73316	0
281	1.82606	-0.382255	3.76604	0
282	1.82606	-0.382255	3.76604	0
283	1.82453	-0.382255	3.78829	0
284	1.82453	-0.382255	3.78829	0
285	1.82363	-0.382255	3.81645	0
286	1.82363	-0.382255	3.81645	0
287	1.82335	-0.382255	3.83355	0
288	1.82335	-0.382255	3.83355	0
289	1.82369	-0.382255	3.86821	0
290	1.82369	-0.382255	3.86821	0
291	1.82465	-0.382255	3.90349	0
292	1.82465	-0.382255	3.90349	0
293	1.82622	-0.382255	3.93942	0
294	1.82622	-0.382255	3.93942	0
295	1.8284	-0.382255	3.976	0
296	1.8284	-0.382255	3.976	0
297	1.83119	-0.382255	4.01326	0
298	1.83119	-0.382255	4.01326	0
299	1.83459	-0.382255	4.05122	0
300	1.83459	-0.382255	4.05122	0
301	1.83858	-0.382255	4.08989	0
302	1.83858	-0.382255	4.08989	0
303	1.84317	-0.375338	4.12931	0
304	1.84317	-0.375338	4.12931	0
305	1.84836	-0.375338	4.16948	0
306	1.84836	-0.375338	4.16948	0
307	1.85414	-0.375338	4.21044	0
308	1.85414	-0.375338	4.21044	0
309	1.86051	-0.375338	4.2522	0
310	1.86051	-0.375338	4.2522	0
311	1.86749	-0.375338	4.29479	0
312	1.86749	-0.375338	4.29479	0
313	1.87505	-0.375338	4.33824	0
314	1.87505	-0.375338	4.33824	0
315	1.88321	-0.375338	4.38257	0
316	1.88321	-0.375338	4.38257	0
317	1.89198	-0.375338	4.42781	0
318	1.89198	-0.375338	4.42781	0
319	1.90136	-0.375338	4.47399	0
320	1.90136	-0.375338	4.47399	0
321	1.91136	-0.375338	4.52114	0
322	1.91136	-0.375338	4.52114	0
323	1.92199	-0.375338	4.56929	0
324	1.92199	-0.375338	4.56929	0
325	1.93328	-0.375338	4.61846	0
326	1.93328	-0.375338	4.61846	0
327	1.94523	-0.368353	4.66871	0
328	1.94523	-0.368353	4.66871	0
329	1.95783	-0.368353	4.72005	0
330	1.95783	-0.368353	4.72005	0
331	1.97106	-0.368353	4.77254	0
332	1.97106	-0.368353	4.77254	0
333	1.9849	-0.368353	4.8262	0
334	1.9849	-0.368353	4.8262	0
335	1.99937	-0.368353	4.88107	0
336	1.99937	-0.368353	4.88107	0
337	2.01446	-0.368353	4.93721	0
338	2.01446	-0.368353	4.93721	0
339	2.03016	-0.368353	4.99464	0
340	2.03016	-0.368353	4.99464	0
341	2.04649	-0.368353	5.05343	0
342	2.04649	-0.368353	5.05343	0
343	2.06342	-0.368353	5.12888	1
344	2.06342	-0.368353	5.12888	1
345	92.2207	51.7918	157.67	2
346	92.2207	51.7918	157.67	2
347	7.14401	4.98572	17.5729	0
348	7.14401	4.98572	17.5729	0
349	7.12564	4.9494	17.3869	1
350	7.12564	4.9494	17.3869	1
351	7.10128	4.89964	17.1824	0
352	7.10128	4.89964	17.1824	0
353	7.07786	4.84956	16.9826	0
354	7.07786	4.84956	16.9826	0
355	7.05539	4.77254	16.7051	0
356	7.05539	4.77254	16.7051	0
357	7.03398	4.69227	16.5966	0
358	7.03398	4.69227	16.5966	0
359	7.01348	4.59564	16.4013	0
360	7.01348	4.59564	16.4013	0
361	6.9939	4.48736	16.2278	0
362	6.9939	4.48736	16.2278	0
363	6.97523	4.38257	16.1085	0
364	6.97523	4.38257	16.1085	0
365	8.94777	4.6136	22.1942	2
366	8.94777	4.6136	22.1942	2
367	6.92707	4.1493	15.7926	0
368	6.92707	4.1493	15.7926	0
369	6.89711	4.03215	15.553	0
370	6.89711	4.03215	15.553	0
371	6.8678	3.93612	15.4641	0
372	6.8678	3.93612	15.4641	0
373	6.83934	3.86821	15.2135	0
374	6.83934	3.86821	15.2135	0
375	6.81175	3.80702	15.1253	0
376	6.81175	3.80702	15.1253	0
377	6.78511	3.75136	14.9152	0
378	6.78511	3.75136	14.9152	0
379	6.75943	3.70084	14.7881	0
380	6.75943	3.70084	14.7881	0
381	6.73471	3.66048	14.605	0
382	6.73471	3.66048	14.605	0
383	6.711	3.62019	14.5496	0
384	6.711	3.62019	14.5496	0
385	6.68828	3.57686	14.3186	0
386	6.68828	3.57686	14.3186	0
387	6.66664	3.56193	14.3186	0
388	6.66664	3.56193	14.3186	0
389	6.64609	3.54386	14.1302	0
390	6.64609	3.54386	14.1302	0
391	6.62674	3.52758	14.0583	0
392	6.62674	3.52758	14.0583	0
393	6.60871	3.51144	13.9467	0
394	6.60871	3.51144	13.9467	0
395	6.59201	3.49545	13.8073	0
396	6.59201	3.49545	13.8073	0
397	6.57662	3.4796	13.7679	1
398	6.57662	3.4796	13.7679	1
399	6.55537	3.46389	13.5936	0
400	6.55537	3.46389	13.5936	0
401	6.5354	3.44832	13.4638	0
402	6.5354	3.44832	13.4638	0
403	6.51677	3.44104	13.4237	0
404	6.51677	3.44104	13.4237	0
405	6.49946	3.43289	13.2658	0
406	6.49946	3.43289	13.2658	0
407	6.48335	3.41759	13.258	0
408	6.48335	3.41759	13.258	0
409	6.46843	3.41759	13.0963	0
410	6.46843	3.41759	13.0963	0
411	6.45459	3.40544	13.0735	0
412	6.45459	3.40544	13.0735	0
413	6.44179	3.40242	12.9385	0
414	6.44179	3.40242	12.9385	0
415	6.43003	3.40026	12.9385	0
416	6.43003	3.40026	12.9385	0
417	6.41921	3.39865	12.9385	0
418	6.41921	3.39865	12.9385	0
419	10.9111	4.50201	24.5803	2
420	10.9111	4.50201	24.5803	2
421	6.37829	3.3619	12.7845	0
422	6.37829	3.3619	12.7845	0
423	6.34819	3.33021	12.6341	0
424	6.34819	3.33021	12.6341	0
425	6.31906	3.2998	12.4872	0
426	6.31906	3.2998	12.4872	0
427	6.29092	3.28161	12.3437	0
428	6.29092	3.28161	12.3437	0
429	6.26379	3.25764	12.2034	0
430	6.26379	3.25764	12.2034	0
431	6.23766	3.23695	12.1902	0
432	6.23766	3.23695	12.1902	0
433	6.21253	3.21174	12.0663	0
434	6.21253	3.21174	12.0663	0
435	6.18835	3.19346	12.0277	0
436	6.18835	3.19346	12.0277	0
437	6.16516	3.17638	11.9322	0
438	6.16516	3.17638	11.9322	0
439	6.14291	3.15552	11.8011	0
440	6.14291	3.15552	11.8011	0
441	6.12164	3.14175	11.8011	0
442	6.12164	3.14175	11.8011	0
443	6.10129	3.12434	11.6728	0
444	6.10129	3.12434	11.6728	0
445	6.08189	3.10651	11.6728	-2
446	6.08189	3.10651	11.6728	-2
447	6.06336	3.08785	11.6728	0
448	6.06336	3.08785	11.6728	0
449	6.04572	3.07392	11.5473	-2
450	6.04572	3.07392	11.5473	-2
451	6.02893	3.06155	11.5473	0
452	6.02893	3.06155	11.5473	0
453	14.0359	5.52795	30.2015	2
454	14.0359	5.52795	30.2015	2
455	5.97693	2.97528	11.4244	0
456	5.97693	2.97528	11.4244	0
457	5.94138	2.89637	11.1864	0
458	5.94138	2.89637	11.1864	0
459	5.90632	2.84043	11.0711	0
460	5.90632	2.84043	11.0711	0
461	5.87176	2.7865	10.9581	0
462	5.87176	2.7865	10.9581	0
463	5.83773	2.73021	10.739	0
464	5.83773	2.73021	10.739	0
465	5.80422	2.67192	10.739	0
466	5.80422	2.67192	10.739	0
467	5.77119	2.60496	10.5364	0
468	5.77119	2.60496	10.5364	0
469	5.73866	2.51013	10.4262	-2
470	5.73866	2.51013	10.4262	-2
471	5.70662	2.42143	10.3259	0
472	5.70662	2.42143	10.3259	0
473	5.67509	2.36539	10.2276	0
474	5.67509	2.36539	10.2276	0
475	5.64412	2.29853	10.1311	0
476	5.64412	2.29853	10.1311	0
477	5.61373	2.24742	10.0364	0
478	5.61373	2.24742	10.0364	0
479	5.58395	2.20157	9.97191	0
480	5.58395	2.20157	9.97191	0
481	5.55482	2.16263	9.88366	0
482	5.55482	2.16263	9.88366	0
483	5.52635	2.13942	9.79696	0
484	5.52635	2.13942	9.79696	0
485	5.49854	2.10541	9.71177	0
486	5.49854	2.10541	9.71177	0
487	5.47139	2.07231	9.62805	0
488	5.47139	2.07231	9.62805	0
489	5.4449	2.0348	9.58837	0
490	5.4449	2.0348	9.58837	0
491	5.41905	1.98316	9.50352	0
492	5.41905	1.98316	9.50352	0
493	5.39373	1.81847	9.42015	0
494	5.39373	1.81847	9.42015	0
495	5.36857	1.33213	9.33824	0
496	5.36857	1.33213	9.33824	0
497	5.34382	1.17839	9.30711	0
498	5.34382	1.17839	9.30711	0
499	5.31966	1.13213	9.23019	0
500	5.31966	1.13213	9.23019	0
501	5.29612	1.08803	9.17861	0
502	5.29612	1.08803	9.17861	0
503	5.27321	1.0459	9.15454	0
504	5.27321	1.0459	9.15454	0
505	5.25094	1.0056	9.08011	0
506	5.25094	1.0056	9.08011	0
507	5.22931	0.966993	9.02435	0
508	5.22931	0.966993	9.02435	0
509	5.20833	0.966993	9.00688	0
510	5.20833	0.966993	9.00688	0
511	5.188	0.929955	8.94915	0
512	5.188	0.929955	8.94915	0
513	5.16832	0.929955	8.91538	0
514	5.16832	0.929955	8.91538	0
515	5.14931	0.894375	8.86392	0
516	5.14931	0.894375	8.86392	0
517	5.13096	0.894375	8.84386	0
518	5.13096	0.894375	8.84386	0
519	5.11331	0.894375	8.79412	0
520	5.11331	0.894375	8.79412	0
521	5.09633	0.860154	8.74103	0
522	5.09633	0.860154	8.74103	0
523	5.08007	0.860154	8.72542	0
524	5.08007	0.860154	8.72542	0
525	5.06452	0.860154	8.6905	0
526	5.06452	0.860154	8.6905	0
527	5.04975	0.860154	8.65778	0
528	5.04975	0.860154	8.65778	0
529	5.03575	0.860154	8.59118	0
530	5.03575	0.860154	8.59118	0
531	5.0226	0.860154	8.59118	0
532	5.0226	0.860154	8.59118	0
533	5.01023	0.860154	8.59118	0
534	5.01023	0.860154	8.59118	0
535	4.99866	0.860154	8.53234	0
536	4.99866	0.860154	8.53234	0
537	4.98788	0.860154	8.5256	0
538	4.98788	0.860154	8.5256	0
539	4.97787	0.860154	8.49411	1
540	4.97787	0.860154	8.49411	1
541	533.269	369.117	763.195	2
542	533.269	369.117	763.195	2
543	17.9229	12.2979	49.766	0
544	17.9229	12.2979	49.766	0
545	1831.58	1405.15	2358.64	2
546	1831.58	1405.15	2358.64	2
547	1.14335	0.227853	1.87848	0
548	1.14335	0.227853	1.87848	0
549	1.14483	0.227853	1.87848	0
550	1.14483	0.227853	1.87848	0
551	1.14753	0.227853	1.87848	0
552	1.14753	0.227853	1.87848	0
553	1.15143	0.227853	1.87848	0
554	1.15143	0.227853	1.87848	0
555	1.15656	0.227853	1.9097	0
556	1.15656	0.227853	1.9097	0
557	1.16289	0.227853	1.9097	0
558	1.16289	0.227853	1.9097	0
559	1.17041	0.227853	1.94178	0
560	1.17041	0.227853	1.94178	0
561	1.17919	0.243692	1.95816	0
562	1.17919	0.243692	1.95816	0
563	1.18926	0.243692	2.0087	0
564	1.18926	0.243692	2.0087	0
565	1.20064	0.243692	2.04362	0
566	1.20064	0.243692	2.04362	0
567	1.21336	0.243692	2.07959	0
568	1.21336	0.243692	2.07959	0
569	1.22739	0.243692	2.11664	0
570	1.22739	0.243692	2.11664	0
571	1.24267	0.243692	2.1744	0
572	1.24267	0.243692	2.1744	0
573	1.25921	0.243692	2.23495	0
574	1.25921	0.243692	2.23495	0
575	1.27697	0.243692	2.27699	0
576	1.27697	0.243692	2.27699	0
577	1.29594	0.243692	2.32044	0
578	1.29594	0.243692	2.32044	0
579	1.3161	0.243692	2.36539	0
580	1.3161	0.243692	2.36539	0
581	1.33736	0.243692	2.43582	0
582	1.33736	0.243692	2.43582	0
583	1.35975	0.243692	2.51013	0
584	1.35975	0.243692	2.51013	0
585	1.38316	0.243692	2.56201	0
586	1.38316	0.243692	2.56201	0
587	1.40766	0.243692	2.67192	0
588	1.40766	0.243692	2.67192	0
589	1.43314	0.243692	2.73021	0
590	1.43314	0.243692	2.73021	0
591	1.45962	0.243692	2.79092	0
592	1.45962	0.243692	2.79092	0
593	1.48707	0.259858	2.85423	0
594	1.48707	0.259858	2.85423	0
595	1.51542	0.259858	2.98933	0
596	1.51542	0.259858	2.98933	0
597	1.5447	0.276364	3.06155	0
598	1.5447	0.276364	3.06155	0
599	1.57477	0.293223	3.21651	0
600	1.57477	0.293223	3.21651	0
601	1.60576	0.31045	3.2998	0
602	1.60576	0.31045	3.2998	0
603	1.63752	0.346068	3.57686	0
604	1.63752	0.346068	3.57686	0
605	1.67004	0.364493	3.67959	0
606	1.67004	0.364493	3.67959	0
607	1.70348	0.402662	3.90349	0
608	1.70348	0.402662	3.90349	0
609	1.73748	0.463526	4.08989	0
610	1.73748	0.463526	4.08989	0
611	1.77234	0.529293	4.29479	-1
612	1.77234	0.529293	4.29479	-1
613	1.80765	0.600739	4.52114	1
614	1.80765	0.600739	4.52114	1
615	1.81064	0.625976	4.52114	0
616	1.81064	0.625976	4.52114	0
617	1.816	0.678829	4.29479	0
618	1.816	0.678829	4.29479	0
619	1.82356	0.735168	4.29479	0
620	1.82356	0.735168	4.29479	0
621	1.833	0.795435	4.29479	0
622	1.833	0.795435	4.29479	0
623	1.8445	0.827202	4.29479	0
624	1.8445	0.827202	4.29479	0
625	1.85799	0.843525	4.29479	0
626	1.85799	0.843525	4.29479	0
627	1.87358	0.877101	4.52114	0
628	1.87358	0.877101	4.52114	0
629	1.89122	0.911989	4.52114	1
630	1.89122	0.911989	4.52114	1
631	1.86101	0.860154	4.29479	0
632	1.86101	0.860154	4.29479	0
633	1.8319	0.811175	4.08989	0
634	1.8319	0.811175	4.08989	0
635	1.80408	0.678829	3.90349	0
636	1.80408	0.678829	3.90349	0
637	1.7762	0.506781	3.73316	0
638	1.7762	0.506781	3.73316	0
639	1.74927	0.402662	3.57686	0
640	1.74927	0.402662	3.57686	0
641	1.72354	0.346068	3.57686	0
642	1.72354	0.346068	3.57686	0
643	1.69938	0.31045	3.43289	0
644	1.69938	0.31045	3.43289	0
645	1.67682	0.293223	3.2998	0
646	1.67682	0.293223	3.2998	0
647	1.65613	0.276364	3.2998	0
648	1.65613	0.276364	3.2998	0
649	1.63706	0.276364	3.2998	0
650	1.63706	0.276364	3.2998	0
651	1.61987	0.259858	3.21651	0
652	1.61987	0.259858	3.21651	0
653	1.60447	0.259858	3.17638	0
654	1.60447	0.259858	3.17638	0
655	1.59084	0.259858	3.17638	0
656	1.59084	0.259858	3.17638	0
657	1.57902	0.259858	3.17638	0
658	1.57902	0.259858	3.17638	0
659	1.56902	0.259858	3.17638	0
660	1.56902	0.259858	3.17638	0
661	1.56082	0.259858	3.17638	0
662	1.56082	0.259858	3.17638	0
663	1.55443	0.259858	3.21651	0
664	1.55443	0.259858	3.21651	0
665	1.54987	0.259858	3.2998	0
666	1.54987	0.259858	3.2998	0
667	1.54723	0.259858	3.2998	0
668	1.54723	0.259858	3.2998	0
669	1.54632	0.259858	3.2998	0
670	1.54632	0.259858	3.2998	0
671	1.54726	0.259858	3.43289	0
672	1.54726	0.259858	3.43289	0
673	1.55017	0.259858	3.57686	1
674	1.55017	0.259858	3.57686	1
675	1.52066	0.259858	3.2998	0
676	1.52066	0.259858	3.2998	0
677	1.4922	0.259858	3.21651	0
678	1.4922	0.259858	3.21651	0
679	1.46483	0.259858	3.06155	0
680	1.46483	0.259858	3.06155	0
681	1.43842	0.259858	2.98933	0
682	1.43842	0.259858	2.98933	0
683	1.41305	0.259858	2.85423	0
684	1.41305	0.259858	2.85423	0
685	1.38871	0.259858	2.85423	0
686	1.38871	0.259858	2.85423	0
687	1.36536	0.243692	2.73021	0
688	1.36536	0.243692	2.73021	0
689	1.34307	0.243692	2.67192	0
690	1.34307	0.243692	2.67192	0
691	1.32176	0.243692	2.56201	0
692	1.32176	0.243692	2.56201	0
693	1.30159	0.243692	2.51013	0
694	1.30159	0.243692	2.51013	0
695	1.2824	0.243692	2.46014	0
696	1.2824	0.243692	2.46014	0
697	1.2644	0.243692	2.36539	0
698	1.2644	0.243692	2.36539	0
699	1.24749	0.243692	2.32044	0
700	1.24749	0.243692	2.32044	0
701	1.23176	0.243692	2.27699	0
702	1.23176	0.243692	2.27699	0
703	1.21723	0.243692	2.23495	0
704	1.21723	0.243692	2.23495	0
705	1.20386	0.243692	2.19426	0
706	1.20386	0.243692	2.19426	0
707	1.19176	0.243692	2.15485	0
708	1.19176	0.243692	2.15485	0
709	1.18093	0.243692	2.11664	0
710	1.18093	0.243692	2.11664	0
711	1.1714	0.243692	2.07959	0
712	1.1714	0.243692	2.07959	0
713	1.16321	0.243692	2.04362	0
714	1.16321	0.243692	2.04362	0
715	1.15638	0.243692	2.0087	0
716	1.15638	0.243692	2.0087	0
717	1.15095	0.243692	1.97477	0
718	1.15095	0.243692	1.97477	0
719	1.14691	0.243692	1.94178	0
720	1.14691	0.243692	1.94178	0
721	1.14429	0.243692	1.9097	0
722	1.14429	0.243692	1.9097	0
723	1.14306	0.243692	1.9097	0
724	1.14306	0.243692	1.9097	0
725	36.8493	17.7018	69.4774	2
726	36.8493	17.7018	69.4774	2
727	4.61267	2.96242	9.42935	0
728	4.61267	2.96242	9.42935	0
729	4.58367	2.92513	9.20484	0
730	4.58367	2.92513	9.20484	0
731	4.5551	2.88436	8.99077	0
732	4.5551	2.88436	8.99077	0
733	4.52691	2.83017	8.78644	0
734	4.52691	2.83017	8.78644	0
735	4.49899	2.7473	8.59118	0
736	4.49899	2.7473	8.59118	0
737	4.47045	1.99404	8.40442	0
738	4.47045	1.99404	8.40442	0
739	4.43934	1.58239	8.38164	0
740	4.43934	1.58239	8.38164	0
741	4.40708	1.08803	8.2256	0
742	4.40708	1.08803	8.2256	0
743	4.3746	0.979682	8.05423	0
744	4.3746	0.979682	8.05423	0
745	4.34256	0.917938	7.88986	0
746	4.34256	0.917938	7.88986	0
747	4.31106	0.860154	7.73206	0
748	4.31106	0.860154	7.73206	0
749	4.2802	0.83805	7.6707	0
750	4.2802	0.83805	7.6707	0
751	4.25003	0.816485	7.53612	0
752	4.25003	0.816485	7.53612	0
753	4.22059	0.795435	7.43467	0
754	4.22059	0.795435	7.43467	0
755	4.19191	0.779973	7.2944	-1
756	4.19191	0.779973	7.2944	-1
757	4.16398	0.76478	7.15931	0
758	4.16398	0.76478	7.15931	0
759	4.13678	0.754797	7.05246	0
760	4.13678	0.754797	7.05246	0
761	4.11033	0.735168	7.02914	0
762	4.11033	0.735168	7.02914	0
763	4.08457	0.735168	6.92837	-1
764	4.08457	0.735168	6.92837	-1
765	4.05952	0.720734	6.89802	1
766	4.05952	0.720734	6.89802	1
767	4.03546	0.706537	6.7825	0
768	4.03546	0.706537	6.7825	0
769	4.01195	0.678829	6.66556	0
770	4.01195	0.678829	6.66556	0
771	3.98899	0.651991	6.56269	0
772	3.98899	0.651991	6.56269	0
773	3.96656	0.625976	6.50846	0
774	3.96656	0.625976	6.50846	0
775	3.94469	0.600739	6.41131	0
776	3.94469	0.600739	6.41131	0
777	3.92336	0.588399	6.33774	0
778	3.92336	0.588399	6.33774	0
779	3.90255	0.576237	6.25845	0
780	3.90255	0.576237	6.25845	0
781	3.88229	0.552434	6.21728	0
782	3.88229	0.552434	6.21728	0
783	3.86256	0.540783	6.13653	0
784	3.86256	0.540783	6.13653	0
785	3.84331	0.529293	6.05785	0
786	3.84331	0.529293	6.05785	0
787	3.82456	0.51796	6.01926	0
788	3.82456	0.51796	6.01926	0
789	3.80631	0.506781	5.9477	0
790	3.80631	0.506781	5.9477	0
791	3.78853	0.495752	5.88433	0
792	3.78853	0.495752	5.88433	0
793	3.77122	0.484868	5.84429	0
794	3.77122	0.484868	5.84429	0
795	3.75439	0.474128	5.77014	0
796	3.75439	0.474128	5.77014	0
797	3.73802	0.463526	5.72739	0
798	3.73802	0.463526	5.72739	0
799	3.72213	0.463526	5.68528	0
800	3.72213	0.463526	5.68528	0
801	3.70669	0.442727	5.6251	0
802	3.70669	0.442727	5.6251	0
803	3.69171	0.442727	5.59007	0
804	3.69171	0.442727	5.59007	0
805	3.6772	0.442727	5.5264	0
806	3.6772	0.442727	5.5264	0
807	3.66314	0.422447	5.49427	0
808	3.66314	0.422447	5.49427	0
809	3.64953	0.422447	5.44501	0
810	3.64953	0.422447	5.44501	0
811	3.63637	0.422447	5.40693	0
812	3.63637	0.422447	5.40693	0
813	3.62368	0.422447	5.36937	0
814	3.62368	0.422447	5.36937	0
815	3.61142	0.422447	5.33903	0
816	3.61142	0.422447	5.33903	0
817	3.59963	0.422447	5.30307	0
818	3.59963	0.422447	5.30307	0
819	3.58828	0.422447	5.27515	0
820	3.58828	0.422447	5.27515	0
821	3.57739	0.422447	5.23166	0
822	3.57739	0.422447	5.23166	0
823	3.56695	0.422447	5.20662	0
824	3.56695	0.422447	5.20662	0
825	3.55697	0.422447	5.16542	0
826	3.55697	0.422447	5.16542	0
827	3.54745	0.422447	5.15454	0
828	3.54745	0.422447	5.15454	0
829	3.53837	0.422447	5.10808	0
830	3.53837	0.422447	5.10808	0
831	3.52977	0.422447	5.08669	0
832	3.52977	0.422447	5.08669	0
833	3.52161	0.422447	5.05343	0
834	3.52161	0.422447	5.05343	0
835	3.51391	0.422447	5.02654	0
836	3.51391	0.422447	5.02654	0
837	3.50667	0.422447	5.0113	0
838	3.50667	0.422447	5.0113	0
839	3.49988	0.422447	4.99464	0
840	3.49988	0.422447	4.99464	0
841	3.49354	0.422447	4.9736	0
842	3.49354	0.422447	4.9736	0
843	3.48763	0.422447	4.95621	0
844	3.48763	0.422447	4.95621	0
845	3.48216	0.422447	4.95621	0
846	3.48216	0.422447	4.95621	0
847	3.47711	0.422447	4.94755	0
848	3.47711	0.422447	4.94755	0
849	3.47249	0.422447	4.92911	0
850	3.47249	0.422447	4.92911	0
851	3.46831	0.422447	4.92911	0
852	3.46831	0.422447	4.92911	0
853	3.46455	0.422447	4.92177	0
854	3.46455	0.422447	4.92177	0
855	3.46122	0.422447	4.92177	0
856	3.46122	0.422447	4.92177	0
857	3.45832	0.422447	4.92911	0
858	3.45832	0.422447	4.92911	0
859	3.45585	0.442727	4.92911	0
860	3.45585	0.442727	4.92911	0
861	3.45381	0.442727	4.92911	0
862	3.45381	0.442727	4.92911	0
863	3.45221	0.442727	4.93968	0
864	3.45221	0.442727	4.93968	0
865	3.45104	0.463526	4.94755	0
866	3.45104	0.463526	4.94755	0
867	3.45033	0.463526	4.95621	0
868	3.45033	0.463526	4.95621	0
869	3.45006	0.474128	4.95621	0
870	3.45006	0.474128	4.95621	0
871	3.45024	0.484868	4.98016	0
872	3.45024	0.484868	4.98016	0
873	3.4509	0.495752	4.9896	0
874	3.4509	0.495752	4.9896	0
875	3.45202	0.506781	5.00435	0
876	3.45202	0.506781	5.00435	0
877	3.45364	0.51796	5.01494	0
878	3.45364	0.51796	5.01494	0
879	3.45575	0.529293	5.04053	0
880	3.45575	0.529293	5.04053	0
881	3.45839	0.540783	5.06639	0
882	3.45839	0.540783	5.06639	0
883	3.46155	0.552434	5.09252	0
884	3.46155	0.552434	5.09252	0
885	3.46527	0.552434	5.10348	0
886	3.46527	0.552434	5.10348	0
887	3.46955	0.564251	5.12888	0
888	3.46955	0.564251	5.12888	0
889	3.47438	0.576237	5.15454	0
890	3.47438	0.576237	5.15454	0
891	3.47977	0.576237	5.18045	0
892	3.47977	0.576237	5.18045	0
893	3.48573	0.588399	5.20662	0
894	3.48573	0.588399	5.20662	0
895	3.49224	0.600739	5.23306	0
896	3.49224	0.600739	5.23306	0
897	3.49932	0.600739	5.25976	0
898	3.49932	0.600739	5.25976	0
899	3.50697	0.613263	5.30619	0
900	3.50697	0.613263	5.30619	0
901	3.51518	0.625976	5.33759	1
902	3.51518	0.625976	5.33759	1
903	3.52222	0.625976	5.34034	0
904	3.52222	0.625976	5.34034	0
905	3.52987	0.625976	5.36937	0
906	3.52987	0.625976	5.36937	0
907	3.53814	0.638884	5.36937	0
908	3.53814	0.638884	5.36937	0
909	3.54702	0.651991	5.39872	0
910	3.54702	0.651991	5.39872	0
911	3.55654	0.651991	5.4259	0
912	3.55654	0.651991	5.4259	0
913	3.56669	0.665304	5.42839	0
914	3.56669	0.665304	5.42839	0
915	3.57749	0.665304	5.45839	0
916	3.57749	0.665304	5.45839	0
917	3.58895	0.678829	5.48364	0
918	3.58895	0.678829	5.48364	0
919	3.60106	0.692571	5.50036	0
920	3.60106	0.692571	5.50036	0
921	3.61382	0.706537	5.54261	0
922	3.61382	0.706537	5.54261	0
923	3.62723	0.706537	5.55892	0
924	3.62723	0.706537	5.55892	0
925	3.64129	0.725518	5.59182	0
926	3.64129	0.725518	5.59182	0
927	3.65599	0.735168	5.6251	0
928	3.65599	0.735168	5.6251	0
929	3.67133	0.754797	5.65879	0
930	3.67133	0.754797	5.65879	0
931	3.68729	0.76478	5.69289	0
932	3.68729	0.76478	5.69289	0
933	3.70388	0.785097	5.72739	0
934	3.70388	0.785097	5.72739	0
935	3.72107	0.805897	5.76232	0
936	3.72107	0.805897	5.76232	0
937	3.73885	0.827202	5.81163	0
938	3.73885	0.827202	5.81163	0
939	3.75724	0.843525	5.85758	1
940	3.75724	0.843525	5.85758	1
941	3.77074	0.843525	5.8697	0
942	3.77074	0.843525	5.8697	0
943	3.78492	0.843525	5.90639	0
944	3.78492	0.843525	5.90639	0
945	3.79978	0.843525	5.91604	0
946	3.79978	0.843525	5.91604	0
947	3.81533	0.849033	5.94354	0
948	3.81533	0.849033	5.94354	0
949	3.83158	0.849033	5.98116	0
950	3.83158	0.849033	5.98116	0
951	3.84852	0.860154	5.99381	0
952	3.84852	0.860154	5.99381	0
953	3.86617	0.860154	6.05415	0
954	3.86617	0.860154	6.05415	0
955	3.88453	0.860154	6.06433	0
956	3.88453	0.860154	6.06433	0
957	3.90359	0.860154	6.13653	0
958	3.90359	0.860154	6.13653	0
959	3.92332	0.871416	6.13653	0
960	3.92332	0.871416	6.13653	0
961	3.94371	0.877101	6.21728	0
962	3.94371	0.877101	6.21728	0
963	3.96475	0.882822	6.22547	0
964	3.96475	0.882822	6.22547	0
965	3.98645	0.894375	6.30018	0
966	3.98645	0.894375	6.30018	0
967	4.00877	0.894375	6.34246	0
968	4.00877	0.894375	6.34246	0
969	4.03175	0.894375	6.38532	0
970	4.03175	0.894375	6.38532	0
971	4.05535	0.911989	6.44337	0
972	4.05535	0.911989	6.44337	0
973	4.07958	0.929955	6.50846	0
974	4.07958	0.929955	6.50846	0
975	4.10442	0.942134	6.56269	0
976	4.10442	0.942134	6.56269	0
977	4.12986	0.966993	6.63289	0
978	4.12986	0.966993	6.63289	0
979	4.1559	0.99255	6.71185	0
980	4.1559	0.99255	6.71185	0
981	4.18247	1.0459	6.7825	0
982	4.18247	1.0459	6.7825	0
983	4.20948	1.13213	6.84804	0
984	4.20948	1.13213	6.84804	0
985	4.23683	1.25224	6.94874	0
986	4.23683	1.25224	6.94874	0
987	4.26435	1.41899	7.05246	0
988	4.26435	1.41899	7.05246	0
989	4.29191	1.60022	7.15931	0
990	4.29191	1.60022	7.15931	0
991	4.31942	1.72055	7.27479	0
992	4.31942	1.72055	7.27479	0
993	4.34716	1.80395	7.40619	0
994	4.34716	1.80395	7.40619	0
995	4.37514	1.89398	7.53612	0
996	4.37514	1.89398	7.53612	0
997	4.40339	1.95816	7.6707	0
998	4.40339	1.95816	7.6707	0
999	4.43199	2.02603	7.81016	0
1000	4.43199	2.02603	7.81016	0
1001	4.46089	2.11664	7.9548	0
1002	4.46089	2.11664	7.9548	0
1003	6.48999	2.527	14.3018	2
1004	6.48999	2.527	14.3018	2
1005	4.50988	2.26001	8.14681	0
1006	4.50988	2.26001	8.14681	0
1007	4.53049	2.36539	8.26075	1
1008	4.53049	2.36539	8.26075	1
1009	4.54366	2.43582	8.26075	0
1010	4.54366	2.43582	8.26075	0
1011	4.55748	2.51013	8.26075	0
1012	4.55748	2.51013	8.26075	0
1013	4.57193	2.5887	8.28974	0
1014	4.57193	2.5887	8.28974	0
1015	4.58701	2.6935	8.38164	0
1016	4.58701	2.6935	8.38164	0
1017	4.60276	2.79092	8.42273	0
1018	4.60276	2.79092	8.42273	0
1019	4.61923	2.85423	8.43777	0
1020	4.61923	2.85423	8.43777	0
1021	4.63654	2.89104	8.59118	0
1022	4.63654	2.89104	8.59118	0
1023	4.65459	2.9203	8.59118	0
1024	4.65459	2.9203	8.59118	0
1025	4.67341	2.94754	8.76651	1
1026	4.67341	2.94754	8.76651	1
1027	4.68512	2.96242	8.76651	0
1028	4.68512	2.96242	8.76651	0
1029	4.69773	2.98054	8.84386	0
1030	4.69773	2.98054	8.84386	0
1031	4.71128	2.99477	8.94915	0
1032	4.71128	2.99477	8.94915	0
1033	4.72572	3.01121	9.04335	0
1034	4.72572	3.01121	9.04335	0
1035	4.74116	3.02781	9.13955	0
1036	4.74116	3.02781	9.13955	0
1037	4.75753	3.04319	9.28776	1
1038	4.75753	3.04319	9.28776	1
1039	4.76651	3.04684	9.33824	1
1040	4.76651	3.04684	9.33824	1
1041	4.76882	3.06155	9.33824	0
1042	4.76882	3.06155	9.33824	0
1043	12.8046	5.54358	28.0097	2
1044	12.8046	5.54358	28.0097	2
1045	4.75272	3.04684	9.11186	0
1046	4.75272	3.04684	9.11186	0
1047	7162.68	5947.68	8555.43	2
1048	7162.68	5947.68	8555.43	2
1049	26.2941	16.3232	66.9908	1
1050	26.2941	16.3232	66.9908	1
1051	26.2142	16.1918	66.2026	0
1052	26.2142	16.1918	66.2026	0
1053	26.1349	16.0691	65.6405	0
1054	26.1349	16.0691	65.6405	0
1055	26.0561	15.9353	64.922	0
1056	26.0561	15.9353	64.922	0
1057	25.9776	15.7978	64.1925	0
1058	25.9776	15.7978	64.1925	0
1059	25.8995	15.6482	63.5	0
1060	25.8995	15.6482	63.5	0
1061	25.8218	15.478	63.002	0
1062	25.8218	15.478	63.002	0
1063	25.7443	15.2923	62.3097	0
1064	25.7443	15.2923	62.3097	0
1065	25.667	15.0022	61.692	0
1066	25.667	15.0022	61.692	0
1067	25.5895	14.5613	61.1655	0
1068	25.5895	14.5613	61.1655	0
